# Tablets
	3213 3424 0	Varrock teleport (tablet)		1 8007		4
	3222 3218 0	Lumbridge teleport (tablet)		1 8008		4
	2968 3380 0	Falador teleport (tablet)		1 8009		4
	2759 3481 0	Camelot teleport (tablet)		1 8010		4
	2664 3307 0	Ardougne teleport (tablet)		1 8011	Plague City	4
	2551 3114 0	Watchtower teleport (tablet)		1 8012	Watchtower	4
	2606 3220 0	Ardougne cloak		1 13121;1 13122;1 13123;1 13124		4
#	3216 3427 0	Teleport to house (tablet)		1 8013		4

# Jewlery
	2898 3554 0	Games Necklace (Burthorpe)		1 3853;1 3855;1 3857;1 3859;1 3861;1 3863;1 3865;1 3867		4
	2520 3571 0	Games Necklace (Barbarian Outpost)		1 3853;1 3855;1 3857;1 3859;1 3861;1 3863;1 3865;1 3867		4
	2967 4384 0	Games Necklace (Corporeal Beast)		1 3853;1 3855;1 3857;1 3859;1 3861;1 3863;1 3865;1 3867		4
	3245 9500 0	Games Necklace (Tears of Guthix)		1 3853;1 3855;1 3857;1 3859;1 3861;1 3863;1 3865;1 3867		4
	1624 3938 0	Games Necklace (Wintertodt Camp)		1 3853;1 3855;1 3857;1 3859;1 3861;1 3863;1 3865;1 3867		4
	3315 3235 0	Ring of Dueling (PvP Arena)		1 2552;1 2554;1 2556;1 2558;1 2560;1 2562;1 2564;1 2566		4
	2441 3091 0	Ring of Dueling (Castle Wars)		1 2552;1 2554;1 2556;1 2558;1 2560;1 2562;1 2564;1 2566		4
	3151 3636 0	Ring of Dueling (Ferox Enclave)		1 2552;1 2554;1 2556;1 2558;1 2560;1 2562;1 2564;1 2566		4
	2883 3549 0	Combat Bracelet (Warriors' Guild)		1 11118;1 11120;1 11122;1 11124;1 11126;1 11972;1 11974;		4
	3189 3368 0	Combat Bracelet (Champions' Guild)		1 11118;1 11120;1 11122;1 11124;1 11126;1 11972;1 11974;		4
	3053 3487 0	Combat Bracelet (Monastery)		1 11118;1 11120;1 11122;1 11124;1 11126;1 11972;1 11974;		4
	2654 3441 0	Combat Bracelet (Ranging Guild)		1 11118;1 11120;1 11122;1 11124;1 11126;1 11972;1 11974;		4
	2613 3390 0	Skills Necklace (Fishing Guild)		1 11105;1 11107;1 11109;1 11111;1 11968;1 11970		4
	3049 9762 0	Skills Necklace (Mining Guild)		1 11105;1 11107;1 11109;1 11111;1 11968;1 11970		4
	2934 3294 0	Skills Necklace (Crafting Guild)		1 11105;1 11107;1 11109;1 11111;1 11968;1 11970		4
	3145 3438 0	Skills Necklace (Cooking Guild)		1 11105;1 11107;1 11109;1 11111;1 11968;1 11970		4
	1662 3505 0	Skills Necklace (Woodcutting Guild)		1 11105;1 11107;1 11109;1 11111;1 11968;1 11970		4
	1249 3717 0	Skills Necklace (Farming Guild)		1 11105;1 11107;1 11109;1 11111;1 11968;1 11970		4
	3087 3496 0	Amulet of Glory (Edgeville)		1 1706;1 1708;1 1710;1 1712;1 10354;1 10356;1 10358;1 10360;1 119641 11966;1 11976;1 11978;1 19707		4
	2918 3176 0	Amulet of Glory (Karamja)		1 1706;1 1708;1 1710;1 1712;1 10354;1 10356;1 10358;1 10360;1 11964;1 11966;1 11976;1 11978;1 19707		4
	3105 3251 0	Amulet of Glory (Draynor Village)		1 1706;1 1708;1 1710;1 1712;1 10354;1 10356;1 10358;1 10360;1 11964;1 11966;1 11976;1 11978;1 19707		4
	3293 3163 0	Amulet of Glory (Al Kharid)		1 1706;1 1708;1 1710;1 1712;1 10354;1 10356;1 10358;1 10360;1 11964;1 11966;1 11976;1 11978;1 19707		4
	2535 3862 0	Ring of Wealth (Miscellania)		1 11980;1 11982;1 11984;1 11986;1 11988;1 20786;1 20787;1 20788;1 20789;1 20790		4
	3162 3480 0	Ring of Wealth (Grand Exchange)		1 11980;1 11982;1 11984;1 11986;1 11988;1 20786;1 20787;1 20788;1 20789;1 20790		4
	2995 3375 0	Ring of Wealth (Falador)		1 11980;1 11982;1 11984;1 11986;1 11988;1 20786;1 20787;1 20788;1 20789;1 20790		4
	2831 10165 0	Ring of Wealth (Dondakan)		1 11980;1 11982;1 11984;1 11986;1 11988;1 20786;1 20787;1 20788;1 20789;1 20790		4
	2433 3421 0	Slayer Ring (Stronghold Slayer Cave)		1 11866;1 11867;1 11868;1 11869;1 11870;1 11871;1 11872;1 11873;1 21268		4
	3423 3536 0	Slayer Ring (Slayer Tower)		1 11866;1 11867;1 11868;1 11869;1 11870;1 11871;1 11872;1 11873;1 21268	Priest in Peril	4
	2802 9999 0	Slayer Ring (Fremennik Slayer Dungeon)		1 11866;1 11867;1 11868;1 11869;1 11870;1 11871;1 11872;1 11873;1 21268		4
	3187 4601 0	Slayer Ring (Tarn's Lair)		1 11866;1 11867;1 11868;1 11869;1 11870;1 11871;1 11872;1 11873;1 21268	Haunted Mine	4
	2028 4638 0	Slayer Ring (Dark Beasts)		1 11866;1 11867;1 11868;1 11869;1 11870;1 11871;1 11872;1 11873;1 21268	Mourning's End Part II	4
	3339 3445 0	Digsite Pendant (Digsite)		1 11190;1 11191;1 11192;1 11193;1 11194	The Dig Site	4
	3763 3869 0	Digsite Pendant (Fossil Island)		1 11190;1 11191;1 11192;1 11193;1 11194	The Dig Site	4
	3547 10456 0	Digsite Pendant (Lithkren Dungeon)		1 11190;1 11191;1 11192;1 11193;1 11194	The Dig Site	4
	3114 3181 0	Necklace of Passage (Wizards' Tower)		1 21146;1 21149;1 21151;1 21153;1 21155		4
	2431 3348 0	Necklace of Passage (The Outpost)		1 21146;1 21149;1 21151;1 21153;1 21155		4
	3406 3157 0	Necklace of Passage (Eagles' Eyrie)		1 21146;1 21149;1 21151;1 21153;1 21155		4
	3234 3637 0	Burning Amulet (Chaos Temple)		1 21166;1 21169;1 21171;1 21173;1 21175		4
	3038 3651 0	Burning Amulet (Bandit Camp)		1 21166;1 21169;1 21171;1 21173;1 21175		4
	3028 3840 0	Burning Amulet (Lava Maze)		1 21166;1 21169;1 21171;1 21173;1 21175		4